train: ./data/iris.train
p: 1.0 1.5 2.0
kappa: -0.9 0.0 1.0
lambda: 64 16 4 1 0.25 0.0625 0.015625 0.00390625 0.0009765625 0.000244140625
epsilon: 1e-6
weight: 1
folds: 10
repeats: 5
kernel: RBF
gamma: 1e-2 1e-1 1 1e1 1e2
cholesky: 0
