train: ./data/nursery.train
p: 1.0 1.25 1.5 1.75 2.0
kappa: -0.9 0.0 0.5 1.0 5.0
lambda: 64 32 16 8 4 2 1 0.5 0.25 0.125 0.0625 0.03125 0.015625 0.0078125 0.00390625 0.001953125 0.0009765625 0.00048828125 0.000244140625 
epsilon: 1e-6
weight: 1 
folds: 10
kernel: 0
gamma: 0.1 0.2 0.3
coef: 1.0 2.0
degree: 1.0 2.0 3.0
