train: ./data/shuttle.train
p: 1.0 1.5 2.0
kappa: -0.9 0.5 5.0
lambda: 3.814697265625e-06 1.52587890625e-05 6.103515625e-05 0.000244140625 0.0009765625 0.00390625 0.015625 0.0625 0.25 1 4 16 64 256 1024 4096 16384 65536 262144
epsilon: 1e-6
weight: 1 2
folds: 10
