train: ./data/wine.train
p: 1.0 1.5 2.0
kappa: -0.9 0.0 1.0
lambda: 64 16 4 1 0.25 0.0625 0.015625 0.00390625 0.0009765625 0.000244140625
epsilon: 1e-6
weight: 1 2
folds: 10
repeats: 10
kernel: RBF
gamma: 1e-3 1e-2 1e-1 1e0 1e1 1e2 1e3
